5_38.png 5 145 195 57 93 
5_7.png 5 80 328 143 90 
5_46.png 5 67 255 111 137 
5_23.png 5 464 150 98 153 
5_11.png 5 474 133 104 152 
5_47.png 5 238 194 184 257 
5_49.png 5 91 156 83 73 
5_17.png 5 408 177 91 93 
5_21.png 5 205 248 94 87 
5_6.png 5 83 135 103 125 
5_2.png 5 348 106 94 141 
5_48.png 5 471 180 210 240 
5_39.png 5 104 325 93 75 
5_40.png 5 91 135 78 106 
5_28.png 5 475 110 122 154 
5_16.png 5 547 150 98 134 
5_5.png 5 156 126 93 123 
5_42.png 5 273 198 147 135 
5_50.png 5 53 248 74 68 
5_35.png 5 505 349 91 137 
5_31.png 5 78 154 97 128 
5_25.png 5 382 174 109 122 
5_24.png 5 477 162 92 139 
5_0.png 5 133 201 150 152 
5_22.png 5 485 233 97 138 
5_34.png 5 336 333 83 104 
5_26.png 5 531 149 123 137 
5_29.png 5 259 98 66 116 
5_3.png 5 105 126 103 142 
5_8.png 5 578 107 102 127 
5_13.png 5 407 281 87 95 
5_45.png 5 320 289 157 128 
5_10.png 5 325 175 108 160 
5_64.png 5 268 140 290 243 
5_52.png 5 451 138 132 150 
5_95.png 5 313 335 262 232 
5_80.png 5 413 283 350 324 
5_76.png 5 547 140 131 120 
5_85.png 5 517 341 225 252 
5_82.png 5 484 153 106 123 
5_72.png 5 306 331 304 257 
5_74.png 5 520 258 109 204 
5_70.png 5 176 292 295 198 
5_51.png 5 383 240 149 121 
5_81.png 5 486 238 135 153 
5_56.png 5 466 151 129 153 
5_54.png 5 373 297 207 237 
5_75.png 5 502 174 103 180 
5_61.png 5 550 229 113 73 
5_89.png 5 373 289 181 165 
5_71.png 5 174 158 289 234 
5_55.png 5 524 322 175 198 
5_78.png 5 379 188 244 276 
5_68.png 5 526 248 147 131 
5_63.png 5 221 308 324 211 
5_90.png 5 224 279 218 173 
5_94.png 5 463 373 193 156 
5_96.png 5 315 282 238 172 
5_65.png 5 258 203 371 227 
5_58.png 5 550 377 179 179 
5_67.png 5 509 190 189 199 
5_84.png 5 463 198 289 323 
5_53.png 5 272 151 241 247 
5_57.png 5 554 149 151 129 
5_123.png 5 274 177 308 258 
5_114.png 5 390 194 86 77 
5_140.png 5 278 307 196 185 
5_106.png 5 425 255 97 71 
5_177.png 5 326 354 181 159 
5_154.png 5 254 284 211 146 
5_112.png 5 391 257 90 69 
5_104.png 5 337 156 161 161 
5_199.png 5 261 197 178 179 
5_122.png 5 270 252 317 258 
5_128.png 5 485 248 151 179 
5_119.png 5 427 301 176 169 
5_152.png 5 305 357 175 137 
5_126.png 5 455 332 143 252 
5_156.png 5 168 199 190 146 
5_147.png 5 433 152 118 127 
5_135.png 5 438 377 106 95 
5_118.png 5 474 200 193 130 
5_111.png 5 413 322 98 69 
5_160.png 5 361 228 149 122 
5_102.png 5 383 204 160 165 
5_183.png 5 238 183 171 208 
5_168.png 5 335 274 157 166 
5_179.png 5 218 288 198 182 
5_201.png 5 174 233 166 160 
5_107.png 5 388 274 91 61 
5_105.png 5 265 174 190 171 
5_197.png 5 305 191 158 255 
5_143.png 5 175 195 163 194 
5_127.png 5 413 225 165 188 
5_165.png 5 384 186 137 135 
5_181.png 5 157 189 176 253 
5_159.png 5 325 225 162 121 
5_133.png 5 436 259 110 132 
5_108.png 5 398 307 91 65 
5_166.png 5 338 180 141 145 
5_196.png 5 377 224 175 289 
5_155.png 5 162 244 205 151 
5_170.png 5 408 226 140 158 
5_146.png 5 339 158 118 133 
5_144.png 5 202 127 157 202 
5_169.png 5 381 258 144 150 
5_182.png 5 166 145 189 199 
5_145.png 5 236 138 141 157 
5_185.png 5 328 287 165 165 
5_167.png 5 324 226 162 142 
5_176.png 5 411 396 194 147 
5_142.png 5 136 286 190 202 
5_139.png 5 215 348 218 155 
5_158.png 5 236 198 146 126 
5_109.png 5 402 350 93 68 
5_202.png 5 118 169 116 161 
5_130.png 5 548 257 162 150 
5_121.png 5 314 330 316 248 
5_141.png 5 168 289 197 197 
5_153.png 5 308 357 184 134 
5_203.png 5 119 153 122 137 
5_125.png 5 358 359 209 164 
5_180.png 5 168 252 200 191 
5_178.png 5 275 329 203 222 
5_115.png 5 387 170 85 82 
5_161.png 5 377 233 142 127 
5_157.png 5 206 195 157 134 
5_188.png 5 272 301 131 163 
5_103.png 5 361 182 172 174 
5_184.png 5 290 180 157 187 
5_200.png 5 257 201 158 198 
5_175.png 5 471 386 158 136 
5_151.png 5 326 322 164 140 
5_132.png 5 469 370 154 166 
5_113.png 5 391 221 83 78 
5_150.png 5 331 283 147 119 
5_120.png 5 410 252 288 320 
5_162.png 5 399 233 143 137 
5_148.png 5 460 120 111 135 
5_100.png 5 460 282 172 165 
5_101.png 5 415 241 162 154 
5_117.png 5 404 240 177 161 
5_138.png 5 283 368 203 196 
5_194.png 5 460 289 175 192 
5_124.png 5 327 258 186 156 
5_171.png 5 475 198 112 134 
5_172.png 5 489 147 114 131 
5_186.png 5 268 350 190 167 
5_372.png 5 226 293 256 321 
5_328.png 5 152 269 148 179 
5_283.png 5 337 352 181 132 
5_293.png 5 484 205 191 257 
5_210.png 5 451 335 197 289 
5_387.png 5 424 123 117 146 
5_361.png 5 208 275 162 168 
5_379.png 5 575 109 122 163 
5_317.png 5 328 400 113 122 
5_208.png 5 377 303 117 169 
5_249.png 5 326 346 172 145 
5_351.png 5 405 359 158 178 
5_338.png 5 528 298 223 183 
5_375.png 5 516 236 228 307 
5_358.png 5 476 287 273 231 
5_329.png 5 128 249 157 186 
5_336.png 5 457 354 178 175 
5_360.png 5 157 330 160 176 
5_259.png 5 473 350 218 238 
5_275.png 5 136 399 83 70 
5_376.png 5 467 253 291 351 
5_312.png 5 209 399 99 90 
5_219.png 5 163 183 178 257 
5_325.png 5 142 323 131 146 
5_310.png 5 167 397 104 68 
5_295.png 5 471 251 179 164 
5_365.png 5 385 369 180 187 
5_272.png 5 177 330 70 72 
5_354.png 5 275 254 289 362 
5_345.png 5 383 127 124 160 
5_366.png 5 451 344 154 176 
5_235.png 5 83 329 117 142 
5_264.png 5 192 304 80 74 
5_262.png 5 239 350 96 92 
5_374.png 5 428 276 281 322 
5_314.png 5 260 407 158 126 
5_278.png 5 281 329 114 82 
5_282.png 5 284 352 162 124 
5_359.png 5 473 286 267 269 
5_347.png 5 306 135 102 132 
5_350.png 5 322 305 144 163 
5_311.png 5 191 402 98 78 
5_340.png 5 551 227 178 211 
5_301.png 5 257 148 95 121 
5_288.png 5 433 387 194 171 
5_363.png 5 217 319 150 165 
5_330.png 5 187 231 152 183 
5_294.png 5 503 252 179 199 
5_383.png 5 500 136 105 156 
5_256.png 5 486 184 188 257 
5_206.png 5 263 321 138 202 
5_292.png 5 476 236 201 259 
5_339.png 5 552 243 175 209 
5_217.png 5 317 295 219 259 
5_378.png 5 575 106 105 98 
5_331.png 5 132 187 172 191 
5_240.png 5 307 328 100 79 
5_367.png 5 517 306 154 181 
5_380.png 5 550 111 127 156 
5_346.png 5 327 157 117 139 
5_337.png 5 481 323 218 179 
5_291.png 5 459 321 216 235 
5_212.png 5 312 304 209 282 
5_306.png 5 176 228 85 82 
5_319.png 5 357 398 145 131 
5_220.png 5 170 207 251 255 
5_377.png 5 577 99 103 104 
5_349.png 5 304 295 123 148 
5_386.png 5 433 129 109 144 
5_335.png 5 458 396 127 122 
5_356.png 5 373 238 324 337 
5_268.png 5 194 247 78 79 
5_254.png 5 427 202 183 170 
5_370.png 5 327 330 181 278 
5_371.png 5 320 333 254 293 
5_285.png 5 385 373 184 155 
5_315.png 5 313 393 150 125 
5_241.png 5 288 332 111 88 
5_316.png 5 337 385 143 129 
5_342.png 5 521 177 203 234 
5_341.png 5 528 177 223 255 
5_343.png 5 413 169 154 187 
5_242.png 5 284 332 100 82 
5_320.png 5 420 329 167 163 
5_313.png 5 215 416 122 95 
5_298.png 5 308 179 114 136 
5_271.png 5 181 295 72 71 
5_304.png 5 229 269 99 86 
5_326.png 5 185 323 157 145 
5_352.png 5 505 340 221 241 
5_267.png 5 180 275 82 80 
5_362.png 5 285 271 115 153 
5_244.png 5 285 348 101 83 
5_348.png 5 291 170 114 137 
5_265.png 5 187 300 78 80 
5_250.png 5 377 373 177 158 
5_251.png 5 384 346 178 161 
5_234.png 5 77 306 138 117 
5_373.png 5 217 274 274 330 
5_327.png 5 192 299 110 155 
5_324.png 5 479 137 205 259 
5_257.png 5 473 247 190 222 
5_300.png 5 260 127 98 115 
5_307.png 5 159 219 86 98 
5_321.png 5 457 343 179 266 
5_318.png 5 335 396 122 149 
5_207.png 5 302 318 155 179 
5_305.png 5 201 250 94 83 
5_270.png 5 135 256 66 71 
