0_14.png 0 163 127 64 81 
0_25.png 0 126 222 48 50 
0_37.png 0 362 332 104 83 
0_46.png 0 301 273 83 92 
0_34.png 0 524 111 80 63 
0_43.png 0 203 108 96 78 
0_3.png 0 187 177 57 87 
0_2.png 0 163 181 56 90 
0_24.png 0 238 210 47 72 
0_16.png 0 126 244 58 54 
0_12.png 0 161 204 49 80 
0_35.png 0 495 129 115 151 
0_26.png 0 211 186 45 37 
0_27.png 0 283 171 103 154 
0_13.png 0 131 205 58 81 
0_40.png 0 480 148 86 135 
0_11.png 0 129 271 54 47 
0_47.png 0 251 172 87 90 
0_29.png 0 138 153 75 85 
0_30.png 0 180 254 88 83 
0_28.png 0 157 173 96 140 
0_21.png 0 328 181 93 68 
0_51.png 0 558 268 104 81 
0_67.png 0 239 99 64 109 
0_55.png 0 524 125 107 98 
0_52.png 0 500 299 88 71 
0_65.png 0 135 134 91 132 
0_85.png 0 83 249 85 83 
0_88.png 0 575 106 75 76 
0_99.png 0 118 274 57 35 
0_64.png 0 436 232 160 151 
0_62.png 0 265 182 90 132 
0_84.png 0 78 129 79 83 
0_53.png 0 511 322 74 66 
0_83.png 0 138 105 62 93 
0_86.png 0 134 336 76 60 
0_68.png 0 363 109 86 124 
0_66.png 0 131 359 96 94 
0_89.png 0 487 102 79 85 
0_63.png 0 260 226 153 176 
0_96.png 0 499 151 99 87 
0_175.png 0 553 181 94 95 
0_177.png 0 311 300 144 120 
0_193.png 0 514 189 146 147 
0_173.png 0 530 174 92 137 
0_167.png 0 555 385 170 149 
0_178.png 0 272 252 142 116 
0_134.png 0 284 182 96 84 
0_174.png 0 555 100 90 102 
0_190.png 0 204 271 178 144 
0_199.png 0 473 340 140 156 
0_146.png 0 522 356 135 113 
0_114.png 0 354 232 137 137 
0_169.png 0 511 329 185 174 
0_117.png 0 231 135 112 85 
0_116.png 0 239 162 123 88 
0_196.png 0 326 253 155 139 
0_144.png 0 567 424 145 111 
0_129.png 0 326 285 139 137 
0_189.png 0 235 294 139 127 
0_147.png 0 472 349 176 143 
0_154.png 0 185 200 140 148 
0_188.png 0 192 204 236 134 
0_115.png 0 285 180 122 97 
0_179.png 0 278 172 156 141 
0_269.png 0 273 148 147 150 
0_244.png 0 274 329 149 141 
0_300.png 0 452 290 147 121 
0_293.png 0 286 293 164 107 
0_202.png 0 481 184 179 156 
0_213.png 0 102 131 60 76 
0_287.png 0 366 374 160 105 
0_290.png 0 421 226 191 138 
0_206.png 0 371 346 170 143 
0_242.png 0 512 358 179 113 
0_224.png 0 362 197 93 93 
0_282.png 0 435 221 154 132 
0_230.png 0 548 183 153 144 
0_261.png 0 423 300 132 110 
0_286.png 0 409 373 151 104 
0_207.png 0 236 310 171 109 
0_228.png 0 484 238 259 189 
0_262.png 0 414 278 145 115 
0_301.png 0 381 337 166 116 
0_233.png 0 116 241 124 140 
0_294.png 0 188 219 154 91 
0_201.png 0 456 303 191 135 
0_240.png 0 235 376 116 122 
0_208.png 0 225 237 166 127 
0_284.png 0 362 281 179 123 
0_231.png 0 532 95 170 148 
0_234.png 0 177 250 110 136 
0_232.png 0 526 297 143 106 
0_235.png 0 309 245 161 147 
0_264.png 0 410 188 169 109 
0_227.png 0 455 105 186 174 
0_297.png 0 271 281 155 118 
0_273.png 0 109 159 92 129 
0_268.png 0 313 146 160 136 
0_214.png 0 139 131 50 79 
0_283.png 0 413 285 184 137 
0_205.png 0 369 255 207 149 
0_204.png 0 404 125 185 176 
0_281.png 0 460 132 163 149 
0_223.png 0 281 260 79 78 
0_265.png 0 402 174 169 115 
0_209.png 0 226 111 168 134 
0_298.png 0 305 303 165 115 
0_267.png 0 356 138 168 122 
0_239.png 0 263 145 156 158 
0_266.png 0 382 141 167 118 
0_288.png 0 315 368 107 91 
0_285.png 0 424 271 177 120 
0_291.png 0 376 272 193 128 
0_210.png 0 128 174 165 125 
0_263.png 0 408 242 141 131 
0_289.png 0 528 131 200 167 
0_203.png 0 419 186 197 169 
0_229.png 0 365 342 183 111 
0_243.png 0 285 354 146 133 
0_241.png 0 421 374 162 121 
0_337.png 0 465 292 159 157 
0_467.png 0 463 181 211 220 
0_310.png 0 217 126 110 165 
0_415.png 0 463 161 54 84 
0_315.png 0 365 305 116 172 
0_347.png 0 524 128 85 102 
0_345.png 0 501 182 80 77 
0_418.png 0 530 173 57 94 
0_366.png 0 452 152 83 140 
0_357.png 0 267 374 118 122 
0_367.png 0 451 159 82 89 
0_358.png 0 113 286 178 110 
0_339.png 0 451 293 70 65 
0_307.png 0 83 112 114 144 
0_331.png 0 483 284 236 139 
0_470.png 0 283 270 174 159 
0_463.png 0 436 226 161 142 
0_327.png 0 320 96 179 137 
0_336.png 0 405 284 297 292 
0_344.png 0 476 225 78 78 
0_352.png 0 312 85 81 95 
0_316.png 0 480 338 139 137 
0_388.png 0 338 80 89 123 
0_308.png 0 58 148 117 175 
0_362.png 0 300 127 143 163 
0_372.png 0 140 327 189 162 
0_325.png 0 260 129 151 116 
0_349.png 0 314 106 85 95 
0_464.png 0 426 197 159 170 
0_400.png 0 123 183 174 145 
0_313.png 0 511 147 183 185 
0_335.png 0 483 351 241 219 
0_401.png 0 133 145 155 132 
0_368.png 0 451 233 90 92 
0_333.png 0 438 285 266 245 
0_353.png 0 239 102 135 119 
0_398.png 0 206 370 167 140 
0_306.png 0 104 209 101 135 
0_338.png 0 498 252 106 84 
0_334.png 0 449 184 240 269 
0_459.png 0 408 350 99 90 
0_356.png 0 287 330 154 120 
0_468.png 0 411 135 206 196 
0_466.png 0 448 186 183 164 
0_354.png 0 261 152 137 110 
0_363.png 0 355 140 151 143 
0_397.png 0 234 371 112 107 
0_324.png 0 79 157 89 68 
0_371.png 0 167 281 185 150 
0_408.png 0 378 346 89 94 
0_516.png 0 153 137 93 138 
0_515.png 0 156 228 98 133 
0_527.png 0 261 223 91 124 
0_534.png 0 546 302 86 71 
0_510.png 0 162 307 59 83 
0_481.png 0 434 176 62 89 
0_536.png 0 448 332 67 68 
0_476.png 0 488 204 44 63 
0_514.png 0 151 272 97 133 
0_505.png 0 193 243 63 95 
0_512.png 0 138 272 85 104 
0_511.png 0 109 257 76 78 
0_494.png 0 472 236 57 97 
0_502.png 0 474 319 68 74 
0_535.png 0 530 355 85 65 
0_546.png 0 277 260 83 96 
0_472.png 0 500 384 48 42 
0_501.png 0 471 334 67 73 
0_507.png 0 185 259 58 83 
0_513.png 0 142 342 94 103 
0_500.png 0 410 343 65 70 
0_503.png 0 203 301 74 70 
0_477.png 0 473 225 48 82 
0_495.png 0 463 210 55 75 
0_542.png 0 306 200 82 95 
0_549.png 0 188 205 57 84 
0_548.png 0 201 261 76 71 
0_550.png 0 183 181 80 87 
0_506.png 0 176 179 65 90 
