2_5.png 2 158 246 187 327 
2_7.png 2 261 255 45 99 
2_6.png 2 87 249 87 88 
2_3.png 2 203 197 86 214 
2_10.png 2 191 128 62 110 
2_9.png 2 260 205 39 100 
2_8.png 2 297 275 55 100
2_166.png 2 361 349 138 170 
2_176.png 2 262 174 177 282 
2_120.png 2 375 129 99 192 
2_197.png 2 140 295 93 265 
2_5.png 2 158 246 187 327 
2_167.png 2 350 299 114 178 
2_173.png 2 262 174 170 269 
2_188.png 2 504 320 136 223 
2_87.png 2 462 180 32 73 
2_148.png 2 485 249 58 138 
2_163.png 2 383 198 119 188 
2_31.png 2 436 322 76 139 
2_97.png 2 401 204 48 117 
2_123.png 2 130 103 101 137 
2_158.png 2 399 297 181 212 
2_27.png 2 522 175 91 137 
2_124.png 2 134 122 103 155 
2_101.png 2 441 211 70 173 
2_83.png 2 375 188 40 72 
2_168.png 2 367 308 152 199 
2_7.png 2 261 255 45 99 
2_149.png 2 512 226 75 153 
2_143.png 2 460 309 84 132 
2_108.png 2 316 253 169 159 
2_94.png 2 460 298 48 73 
2_58.png 2 262 232 50 98 
2_53.png 2 497 123 72 173 
2_115.png 2 315 297 203 252 
2_112.png 2 330 335 210 227 
2_151.png 2 462 210 89 176 
2_164.png 2 434 275 127 198 
2_169.png 2 262 281 174 262 
2_174.png 2 168 225 169 272 
2_142.png 2 459 283 88 138 
2_28.png 2 545 111 87 122 
2_91.png 2 479 194 35 86 
2_136.png 2 357 134 189 173 
2_92.png 2 457 260 42 80 
2_95.png 2 454 285 52 101 
2_104.png 2 426 281 124 162 
2_160.png 2 369 286 185 212 
2_155.png 2 405 206 85 153 
2_103.png 2 461 305 98 147 
2_190.png 2 169 199 88 277 
2_157.png 2 317 158 66 97 
2_171.png 2 208 248 185 259 
2_89.png 2 513 152 27 64 
2_84.png 2 372 155 41 69 
2_96.png 2 428 259 53 108 
2_154.png 2 438 133 63 184 
2_144.png 2 449 247 75 135 
2_194.png 2 430 327 105 218 
2_80.png 2 133 194 63 115 
2_159.png 2 387 295 187 258 
2_82.png 2 385 219 49 82 
2_116.png 2 331 226 134 301 
2_100.png 2 403 184 74 153 
2_60.png 2 257 206 54 118 
2_30.png 2 497 285 75 136 
2_191.png 2 130 202 115 254 
2_146.png 2 435 183 74 159 
2_109.png 2 349 295 119 203 
2_6.png 2 87 249 87 88 
2_161.png 2 354 184 163 218 
2_42.png 2 117 169 53 111 
2_102.png 2 465 300 86 163 
2_165.png 2 435 353 113 186 
2_150.png 2 449 171 81 186 
2_111.png 2 413 324 142 253 
2_3.png 2 203 197 86 214 
2_107.png 2 328 275 155 159 
2_110.png 2 379 323 163 227 
2_114.png 2 314 325 211 237 
2_172.png 2 225 224 182 297 
2_118.png 2 402 299 129 225 
2_117.png 2 331 303 182 279 
2_192.png 2 189 322 111 239 
2_106.png 2 339 272 149 163 
2_170.png 2 263 328 209 239 
2_187.png 2 338 302 116 222 
2_153.png 2 464 184 71 158 
2_86.png 2 440 179 33 75 
2_99.png 2 391 172 71 123 
2_105.png 2 405 294 114 163 
2_10.png 2 191 128 62 110 
2_147.png 2 462 193 53 146 
2_145.png 2 436 227 80 149 
2_98.png 2 396 135 48 105 
2_9.png 2 260 205 39 100 
2_119.png 2 402 228 92 171 
2_81.png 2 390 261 49 72 
2_88.png 2 495 176 31 59 
2_198.png 2 105 207 120 274 
2_23.png 2 355 258 70 146 
2_184.png 2 282 377 78 175 
2_162.png 2 374 179 156 220 
2_8.png 2 297 275 55 100 
2_183.png 2 401 279 107 140 
2_156.png 2 374 183 71 146 
2_90.png 2 498 157 38 81 
2_85.png 2 406 160 37 77 
2_43.png 2 203 244 56 133 
2_266.png 2 116 150 122 236 
2_287.png 2 286 328 160 280 
2_265.png 2 164 155 111 201 
2_299.png 2 487 359 85 160 
2_248.png 2 502 349 90 241 
2_267.png 2 141 205 125 219 
2_201.png 2 210 304 76 180 
2_301.png 2 594 346 91 171 
2_232.png 2 309 323 121 179 
2_283.png 2 253 348 94 197 
2_231.png 2 356 329 94 180 
2_302.png 2 506 368 105 203 
2_254.png 2 334 131 83 83 
2_207.png 2 109 203 79 239 
2_285.png 2 165 332 110 218 
2_260.png 2 387 98 59 109 
2_286.png 2 188 277 100 219 
2_280.png 2 410 377 76 178 
2_227.png 2 435 127 99 239 
2_252.png 2 353 258 55 93 
2_282.png 2 307 354 93 181 
2_290.png 2 506 278 224 401 
2_289.png 2 325 228 162 386 
2_281.png 2 352 377 77 188 
2_310.png 2 377 200 69 163 
2_247.png 2 476 369 93 193 
2_255.png 2 334 111 62 115 
2_202.png 2 323 321 94 159 
2_315.png 2 288 407 70 120 
2_257.png 2 477 149 42 99 
2_284.png 2 232 350 104 203 
2_256.png 2 424 151 41 87 
2_268.png 2 183 276 123 223 
2_305.png 2 526 323 89 127 
2_262.png 2 330 109 91 167 
2_304.png 2 532 351 82 129 
2_240.png 2 437 158 106 275 
2_217.png 2 435 321 88 225 
2_309.png 2 283 229 43 113 
2_303.png 2 498 359 81 128 
2_288.png 2 278 247 164 341 
2_318.png 2 308 395 93 142 
2_313.png 2 533 371 101 160 
2_291.png 2 423 274 105 227 
2_272.png 2 375 283 92 139 
2_258.png 2 474 126 45 89 
2_246.png 2 481 346 194 135 
2_403.png 2 135 299 73 154 
2_354.png 2 555 371 90 157 
2_339.png 2 136 401 87 74 
2_329.png 2 423 341 173 263 
2_374.png 2 133 374 115 126 
2_384.png 2 104 394 108 122 
2_330.png 2 410 344 195 271 
2_320.png 2 333 354 111 182 
2_337.png 2 525 295 86 150 
2_386.png 2 113 352 79 139 
2_338.png 2 104 384 76 88 
2_385.png 2 91 351 72 137 
2_335.png 2 484 322 84 150 
2_411.png 2 387 301 48 121 
2_405.png 2 89 408 136 114 
2_425.png 2 131 426 150 69 
2_352.png 2 534 344 90 168 
2_427.png 2 115 353 90 139 
2_353.png 2 575 299 89 170 
2_523.png 2 191 245 84 83 
2_462.png 2 400 324 50 86 
2_436.png 2 501 332 63 113 
2_526.png 2 251 128 64 88 
2_447.png 2 534 308 65 101 
2_481.png 2 554 309 80 122 
2_539.png 2 427 230 171 284 
2_492.png 2 572 304 106 139 
2_538.png 2 482 276 202 334 
2_433.png 2 460 318 62 122 
2_505.png 2 382 182 106 143 
2_431.png 2 428 359 53 113 
2_434.png 2 440 317 55 132 
2_519.png 2 118 257 79 68 
2_430.png 2 437 384 54 100 
2_435.png 2 473 331 58 108 
2_483.png 2 547 420 170 111 
2_439.png 2 498 319 83 102 
2_452.png 2 593 376 73 114 
2_520.png 2 91 255 83 66 
2_444.png 2 526 368 82 104 
2_443.png 2 562 352 87 92 
2_485.png 2 551 161 86 132 
2_453.png 2 574 371 66 115 
2_527.png 2 309 133 93 93 
2_497.png 2 357 402 160 132 
2_511.png 2 228 247 72 70 
2_432.png 2 450 348 51 111 
2_486.png 2 557 161 83 133 
2_475.png 2 566 421 126 117 
2_582.png 2 136 371 88 75 
2_583.png 2 176 396 90 82 
2_571.png 2 190 154 53 90 
2_570.png 2 191 194 49 87 
2_598.png 2 132 300 71 67 
2_564.png 2 324 198 136 159 
2_558.png 2 409 303 105 146 
2_572.png 2 187 135 53 97 
2_573.png 2 195 108 56 94 
2_545.png 2 81 248 56 92 
2_569.png 2 230 178 57 92 
2_563.png 2 329 224 110 152 
2_576.png 2 136 251 73 72 
2_547.png 2 132 231 63 101 
2_568.png 2 288 176 91 93 
2_544.png 2 60 293 62 103 
2_584.png 2 205 404 105 86 
2_566.png 2 365 176 161 174 
2_579.png 2 237 298 94 94 
2_546.png 2 88 226 55 98 
2_595.png 2 188 322 85 64 
2_574.png 2 93 204 52 79 
